referrer,views_total,views_unique
Google,132,12
github.com,51,3
