url_path,views_total,views_unique
/nanlabs/terraform-aws-starter,15,9
/nanlabs/terraform-aws-starter/blob/main/README.md,11,3
/nanlabs/terraform-aws-starter/pull/22,6,1
/nanlabs/terraform-aws-starter/tree/main/tools/dac,6,1
/nanlabs/terraform-aws-starter/tree/main/modules,4,2
/nanlabs/terraform-aws-starter/blob/main/.markdownlint.json,4,1
/nanlabs/terraform-aws-starter/blob/main/tools/dac/live_core.py,4,1
/nanlabs/terraform-aws-starter/tree/main/tools,3,1
/nanlabs/terraform-aws-starter/pulls,2,2
/nanlabs/terraform-aws-starter/blob/42b3675b1d8668d0109fd1feee11f2b556f21f10/live/prod/us-west-2/app/vpc.tf,2,1
