url_path,views_total,views_unique
/nanlabs/awesome-nan,18,5
/nanlabs/awesome-nan/tree/github-repo-stats,17,3
/nanlabs/awesome-nan/tree/github-repo-stats/nanlabs,14,3
/nanlabs/awesome-nan/actions/runs/6805070631,12,1
/nanlabs/awesome-nan/tree/github-repo-stats/nanlabs/awesome-nan,8,2
/nanlabs/awesome-nan/tree/github-repo-stats/nanlabs/awesome-nan/ghrs-data,7,2
/nanlabs/awesome-nan/tree/github-repo-stats/nanlabs/devops-reference,6,2
/nanlabs/awesome-nan/blob/github-repo-stats/nanlabs/devops-reference/latest-report/report.pdf,6,1
/nanlabs/awesome-nan/tree/github-repo-stats/nanlabs/nancy.js/ghrs-data,6,1
/nanlabs/awesome-nan/actions,5,1
