time_iso8601,clones_total,clones_unique,views_total,views_unique
2024-06-03 00:00:00+00:00,,,31.0,3.0
2024-06-04 00:00:00+00:00,1.0,1.0,1.0,1.0
2024-06-05 00:00:00+00:00,1.0,1.0,8.0,1.0
2024-06-06 00:00:00+00:00,,,6.0,2.0
2024-06-08 00:00:00+00:00,3.0,2.0,52.0,2.0
2024-06-11 00:00:00+00:00,1.0,1.0,1.0,1.0
2024-06-12 00:00:00+00:00,1.0,1.0,1.0,1.0
2024-06-13 00:00:00+00:00,,,37.0,2.0
2024-06-15 00:00:00+00:00,1.0,1.0,,
