time_iso8601,clones_total,clones_unique,views_total,views_unique
2025-05-24 00:00:00+00:00,,,1.0,1.0
2025-05-27 00:00:00+00:00,1.0,1.0,,
2025-05-29 00:00:00+00:00,,,1.0,1.0
2025-06-02 00:00:00+00:00,,,3.0,3.0
2025-06-03 00:00:00+00:00,2.0,2.0,,
2025-06-04 00:00:00+00:00,1.0,1.0,2.0,2.0
2025-06-06 00:00:00+00:00,,,1.0,1.0
